1206,100
1206,99
1206,98
1209,19
1209,18
1206,97
1206,96
1206,95
1206,94
1206,93
1206,92
1206,91
1206,90
23,14
23,8
23,11
23,3
23,6
372,4
1206,89
1206,88
1206,87
1206,86
1206,85
1206,84
1206,83
1206,82
1206,81
1206,80
1206,79
1206,78
1206,77
1206,76
1206,75
1206,74
1206,73
1206,72
1206,71
1206,70
1203,69
1203,68
1203,67
1203,66
1203,65
1203,64
1203,36
1203,35
1203,34
1203,33
1203,32
1203,31
1203,30
1203,29
1203,28
1203,27
1203,26
1203,25
1203,24
1203,23
1203,22
1203,21
1203,20
1203,19
1203,18
1203,17
1203,16
1203,15
1203,14
1203,13
1203,12
1203,11
1203,10
1203,9
1203,8
1203,7
1203,6
1203,5
1206,69
1206,68
1206,67
1206,66
1206,65
1206,64
1206,36
1206,35
1206,34
1206,33
1206,32
1206,31
1206,30
1198,24
1198,23
1198,22
1198,21
1198,20
1198,19
1198,18
1198,17
1198,16
1198,15
1198,14
1198,13
1198,12
1198,11
1198,10
1198,9
1198,8
1198,7
1198,6
1198,5
0,259
0,590
1206,29
1206,28
51,3
0,255
1206,27
0,683
40,5
40,16
40,14
40,11
40,8
40,3
1206,25
1206,24
1206,23
25,25
80,3
25,19
1206,22
1206,21
1206,20
1206,19
1206,18
1206,17
1206,16
1206,15
1206,14
1206,13
1206,12
1206,11
1206,10
1206,9
1206,8
1206,7
1206,6
39,7
31,4
1209,17
1209,16
1209,15
1209,14
1209,13
1209,12
1209,11
1209,10
1209,9
1209,8
1209,7
1209,6
1209,5
25,11
0,227
0,860
0,226
0,853
0,890
0,216
30,22
30,19
30,16
30,25
30,42
30,34
30,10
30,14
30,6
0,824
30,39
0,214
0,644
0,213
1210,4
1210,3
1210,2
1210,1
1210,0
0,709
22,19
22,30
22,22
22,35
22,11
22,14
22,16
22,8
22,33
22,25
0,210
0,704
22,27
22,6
22,3
0,209
1209,4
1209,3
1209,2
1209,1
1209,0
0,740
0,206
0,751
0,205
1208,4
1208,3
1208,2
1208,1
1208,0
0,202
0,857
0,201
1207,4
1207,3
1207,2
1207,1
1207,0
0,871
0,198
0,656
0,197
1206,4
1206,3
1206,2
1206,1
1206,0
0,879
0,194
0,836
0,193
1205,4
1205,3
1205,2
1205,1
1205,0
0,832
0,62
0,742
1204,4
1204,3
1204,2
1204,1
1204,0
0,768
0,2
0,889
0,61
0,58
0,856
0,57
1203,4
1203,3
1203,2
1203,1
1203,0
0,831
0,54
0,734
0,53
1202,4
1202,3
1202,2
1202,1
1202,0
0,739
0,50
0,749
0,49
1201,4
1201,3
1201,2
1201,1
1201,0
0,748
0,46
0,870
0,45
1200,4
1200,3
1200,2
1200,1
1200,0
0,648
1199,4
1199,3
1199,2
1199,1
1199,0
1198,4
1198,3
1198,2
1198,1
1198,0
1197,4
1197,3
1197,2
1197,1
1197,0
25,3
0,4
1196,4
1196,3
1196,2
1196,1
1196,0
0,7
0,306
0,888
1140,3
87,3
0,254
0,685
0,253
0,652
0,252
1181,94
1181,93
0,682
0,251
0,855
0,250
0,631
0,249
1181,92
0,880
0,248
0,710
0,247
0,866
0,242
1181,91
1181,90
0,838
0,240
0,864
0,239
0,875
0,238
0,863
0,237
0,854
0,236
0,874
0,233
1181,89
0,862
0,232
0,865
0,231
0,754
0,230
1181,88
0,861
0,229
0,827
39,12
0,228
0,607
0,223
0,731
0,222
0,826
0,221
1189,93
1189,92
0,858
1189,102
1189,99
0,681
0,887
0,220
0,219
1188,69
1188,68
1188,67
1188,66
1188,65
1188,64
1188,36
1188,35
1188,34
1188,33
1188,32
1188,31
1188,30
1188,29
1188,28
1188,27
1188,26
1188,25
1188,24
1188,23
1188,22
1188,21
1188,20
1188,19
1188,18
1188,17
1188,16
1188,15
1188,14
1188,13
1188,12
1188,11
1188,10
1188,9
1188,8
1188,7
1188,6
1188,5
0,873
0,215
0,845
30,31
1189,91
1189,90
1189,88
1189,87
1189,86
1189,85
1189,84
1189,83
1189,82
1189,81
1189,80
1189,79
1189,78
1189,77
1189,76
1189,75
1189,74
1189,73
1189,72
0,269
0,268
0,717
0,267
0,664
0,266
0,868
0,265
0,844
0,264
0,876
0,263
0,627
0,262
0,881
0,261
0,833
0,886
0,260
0,258
0,867
0,257
0,730
0,246
0,679
0,245
0,849
0,244
0,663
0,241
0,848
30,36
30,4
0,449
0,447
0,435
0,235
0,846
0,234
0,741
0,225
0,304
0,303
0,12
0,11
0,10
0,382
0,8
0,764
0,763
0,762
0,761
0,753
0,735
0,760
0,759
0,758
0,757
0,756
0,755
1186,195
1189,105
1189,104
1189,103
1192,35
1192,34
1192,33
1192,30
1192,29
1192,28
1192,27
1192,26
1192,25
1192,24
1192,23
1192,22
1192,19
1192,18
0,885
12,10
12,9
12,8
12,7
12,6
12,5
12,4
12,2
12,1
12,0
12,76
12,85
9,4
1181,3
9,3
8,4
8,3
35,5
8,2
35,3
7,3
1190,3
6,3
12,94
6,2
1186,194
12,67
65,13
4,3
27,5
65,3
2,145
27,4
2,144
12,23
12,22
27,3
2,136
2,83
1189,71
12,21
2,70
29,6
2,29
29,5
2,137
12,3
2,15
2,14
2,13
29,4
2,11
2,9
29,3
2,7
2,6
2,5
2,10
1184,3
2,4
2,2
2,8
2,1
2,3
2,0
1,4
1186,138
372,3
1,2
1,1
1,5
1186,187
1192,4
1,0
1192,3
0,747
0,635
1189,70
0,611
1189,3
0,505
0,474
1186,3
0,460
0,454
0,450
0,510
0,440
0,830
0,436
0,427
1,3
0,411
0,324
0,243
0,9
0,0
0,1
0,817
0,508
0,486
0,475
0,455
0,452
0,448
0,383
0,835
0,300
0,825
0,299
0,738
0,298
0,674
0,297
0,677
0,296
0,850
0,295
0,673
0,294
0,680
0,293
0,840
0,292
0,745
0,291
0,672
0,290
0,821
0,289
0,820
0,288
0,642
0,287
0,834
0,286
0,839
0,285
0,684
0,284
0,884
0,283
0,877
0,282
0,744
0,281
0,847
0,280
0,666
0,279
0,842
0,278
0,869
0,277
0,883
0,276
0,743
0,275
0,882
0,274
0,714
0,273
0,706
0,272
0,732
0,271
0,818
0,270
0,829
12,11
12,12
12,14
12,15
12,17
12,18
12,20
12,25
12,26
12,28
12,29
12,31
12,33
12,34
12,36
12,64
12,66
12,68
12,70
12,72
12,73
12,75
12,77
12,79
12,81
12,82
12,84
12,86
12,88
12,89
12,91
12,93
12,95
12,97
12,98
12,100
12,102
16,3
17,4
18,3
19,7
21,3
21,5
22,1
22,2
22,4
22,5
22,7
22,9
22,10
22,12
22,13
22,15
22,17
22,18
22,20
22,21
22,23
22,24
22,26
22,28
22,29
22,31
22,32
22,34
22,36
22,37
23,1
23,2
23,4
23,5
23,7
23,9
23,10
23,12
23,13
23,15
23,17
24,0
24,2
24,3
24,5
24,6
24,8
25,1
25,2
25,4
25,5
25,7
25,9
25,10
25,12
25,13
25,15
25,17
25,18
25,20
25,21
25,23
25,24
26,3
26,5
26,6
26,8
26,9
26,11
26,13
26,14
29,2
30,0
30,2
30,3
30,5
30,7
30,8
30,11
30,13
30,15
30,17
30,18
30,20
30,21
30,23
30,24
30,26
30,29
30,30
30,32
30,33
30,35
30,37
30,38
30,40
30,41
30,43
30,44
31,3
31,5
33,0
33,2
33,3
33,5
34,2
34,3
34,5
35,2
35,6
35,8
35,9
39,2
39,3
39,5
39,6
39,8
39,10
39,11
39,13
39,14
40,4
40,6
40,7
40,9
40,10
40,12
40,13
40,15
42,3
43,3
45,5
45,14
48,3
50,3
51,2
51,4
51,5
53,4
55,4
57,3
64,2
64,3
64,5
65,2
65,5
65,7
65,8
65,10
65,11
73,3
74,3
74,4
74,6
75,2
75,4
76,3
78,0
78,2
78,3
78,7
78,8
81,3
81,9
82,3
86,7
86,10
170,3
170,4
170,10
247,2
247,3
372,1
372,2
1009,3
1080,0
1080,2
1080,4
1080,5
1080,7
1080,8
1080,10
1081,1
1081,2
1081,4
1081,5
1081,7
1081,8
1081,10
1140,1
1140,2
1140,4
1141,0
1141,2
1141,4
1141,5
1142,1
1142,2
1142,4
1142,5
1143,1
1143,3
1143,4
1144,1
1144,2
1144,4
1145,1
1145,2
1149,0
1149,1
1149,3
1149,5
1149,6
1149,8
1149,9
1150,0
1150,1
1150,3
1150,5
1150,6
1150,8
1150,9
1179,0
1179,2
1179,3
1180,0
1180,1
1180,3
1180,4
1181,1
1181,4
1181,5
1181,7
1181,8
1181,10
1181,12
1181,13
1181,15
1181,16
1181,18
1181,19
1181,21
1181,23
1181,24
1181,26
1181,27
1181,29
1181,31
1181,32
1181,34
1181,35
1181,64
1181,66
1181,67
1181,69
1181,70
1181,72
1181,73
1181,75
1181,77
1181,78
1181,80
1181,81
1181,83
1181,85
1181,86
1182,0
1182,1
1182,3
1182,4
1183,1
1183,3
1183,4
1184,1
1184,2
1185,0
1185,2
1185,3
1185,5
1185,6
1186,1
1186,2
1186,5
1186,7
1186,8
1186,10
1186,11
1186,13
1186,15
1186,16
1186,18
1186,19
1186,21
1186,22
1186,24
1186,26
1186,27
1186,29
1186,30
1186,32
1186,34
1186,35
1186,64
1186,65
1186,67
1186,69
1186,70
1186,72
1186,73
1186,75
1186,76
1186,78
1186,80
1186,81
1186,83
1186,84
1186,86
1186,88
1186,89
1186,91
1186,92
1186,94
1186,95
1186,97
1186,99
1186,100
1186,102
1186,103
1186,105
1186,107
1186,108
1186,110
1186,111
1186,113
1186,114
1186,116
1186,118
1186,119
1186,121
1186,122
1186,124
1186,126
1186,127
1186,129
1186,130
1186,132
1186,134
1186,135
1186,137
1186,139
1186,141
1186,142
1186,144
1186,146
1186,147
1186,149
1186,150
1186,152
1186,154
1186,155
1186,157
1186,158
1186,160
1186,161
1186,163
1186,165
1186,166
1186,168
1186,169
1186,171
1186,173
1186,174
1186,176
1186,177
1186,179
1186,180
1186,182
1186,184
1186,185
1186,188
1186,189
1186,191
1186,193
1187,0
1187,2
1187,3
1188,0
1188,1
1188,3
1189,0
1189,1
1189,4
1189,5
1189,7
1189,9
1189,10
1189,12
1189,13
1189,15
1189,17
1189,18
1189,20
1189,21
1189,23
1189,24
1189,26
1189,28
1189,29
1189,31
1189,32
1189,34
1189,36
1189,64
1189,66
1189,67
1189,69
1190,0
1190,1
1190,4
1191,0
1191,2
1191,4
1192,0
1192,2
1192,7
1192,10
1192,12
1192,13
1192,15
1192,16
1192,31
1192,32
1193,1
1193,2
1193,4
53,3
1193,3
1193,0
1192,17
1192,14
1192,11
1192,9
1192,6
1192,1
1191,3
1191,1
1190,2
1189,89
1189,68
1189,65
1189,35
1189,33
1189,30
1189,27
1189,25
1189,22
1189,19
1189,16
1189,14
1189,11
1189,8
1189,6
1189,2
1188,4
1188,2
1187,4
1187,1
1186,192
1186,190
1186,186
1186,183
1186,181
1186,178
1186,175
1186,172
1186,170
1186,167
1186,164
1186,162
1186,159
1186,156
1186,153
1186,151
1186,148
1186,145
1186,143
1186,140
1186,136
1186,133
1186,131
1186,128
1186,125
1186,123
1186,120
1186,117
1186,115
1186,112
1186,109
1186,106
1186,104
1186,101
1186,98
1186,96
1186,93
1186,90
1186,87
1186,85
1186,82
1186,79
1186,77
1186,74
1186,71
1186,68
1186,66
1186,36
1186,33
1186,31
1186,28
1186,25
1186,23
1186,20
1186,17
1186,14
1186,12
1186,9
1186,6
1186,4
1186,0
1185,4
1185,1
1184,4
1184,0
1183,2
1183,0
1182,2
1181,87
1181,84
1181,82
1181,79
1181,76
1181,74
1181,71
1181,68
1181,65
1181,36
1181,33
1181,30
1181,28
1181,25
1181,22
1181,20
1181,17
1181,14
1181,11
1181,9
1181,6
1181,2
1181,0
1180,2
1179,4
1179,1
1150,10
1150,7
1150,4
1150,2
1149,10
1149,7
1149,4
1149,2
1145,3
1145,0
1144,3
1144,0
1143,2
1143,0
1142,3
1142,0
1141,3
1141,1
1140,0
1081,9
1081,6
1081,3
1081,0
1080,9
1080,6
1080,3
1080,1
372,0
195,3
170,6
86,3
81,5
78,4
78,1
76,4
75,3
74,5
74,2
66,3
65,9
65,6
65,4
64,4
57,4
56,3
52,3
49,3
46,3
43,5
39,9
39,4
36,3
35,7
35,4
34,4
33,6
33,4
33,1
31,2
30,28
30,1
27,2
26,12
26,10
26,7
26,4
25,22
25,16
25,14
25,8
25,6
25,0
24,7
24,4
24,1
23,16
23,0
22,0
21,4
19,6
17,3
12,101
12,99
12,96
12,92
12,90
12,87
12,83
12,80
12,78
12,74
12,71
12,69
12,65
12,35
12,32
12,30
12,27
12,24
12,19
12,16
12,13
0,828
0,256
0,859
0,224
0,705
0,218
0,665
0,217
0,841
0,212
0,657
0,211
0,703
0,208
0,872
0,207
0,204
0,670
0,203
0,837
0,200
0,707
0,199
0,729
0,196
0,843
0,195
0,727
0,192
0,823
0,63
0,716
0,60
0,822
0,59
0,584
0,56
0,852
0,55
0,851
0,52
0,733
0,51
0,726
0,48
0,878
0,47
0,702
0,6
0,5
0,305
0,302
0,3
